[
    {
        "extrinsic_mat": [
            [
                -1.6292068494294654e-07,
                1.0,
                1.2357053158496001e-08,
                7.898893272795249e-07
            ],
            [
                0.3713906705379486,
                7.198045892664595e-08,
                -0.9284767508506775,
                2.384186643666908e-07
            ],
            [
                -0.9284767508506775,
                -1.4667877223928372e-07,
                -0.3713906705379486,
                5.385165214538574
            ],
            [
                0.0,
                0.0,
                0.0,
                1.0
            ]
        ],
        "intrinsics": {
            "width": 1920,
            "height": 1080,
            "intrinsic_matrix": [
                [
                    2666.666748046875,
                    0.0,
                    960.0
                ],
                [
                    0.0,
                    2666.666748046875,
                    540.0
                ],
                [
                    0.0,
                    0.0,
                    1.0
                ]
            ]
        }
    },
    {
        "extrinsic_mat": [
            [
                -1.6292068494294654e-07,
                -1.0,
                -1.2357053158496001e-08,
                -7.898893272795249e-07
            ],
            [
                -0.3713906705379486,
                7.198045892664595e-08,
                -0.9284767508506775,
                2.384186643666908e-07
            ],
            [
                0.9284767508506775,
                -1.4667877223928372e-07,
                -0.3713906705379486,
                5.385165214538574
            ],
            [
                0.0,
                0.0,
                0.0,
                1.0
            ]
        ],
        "intrinsics": {
            "width": 1920,
            "height": 1080,
            "intrinsic_matrix": [
                [
                    2666.666748046875,
                    0.0,
                    960.0
                ],
                [
                    0.0,
                    2666.666748046875,
                    540.0
                ],
                [
                    0.0,
                    0.0,
                    1.0
                ]
            ]
        }
    },
    {
        "extrinsic_mat": [
            [
                -1.0,
                1.5099580252808664e-07,
                -8.116999339335962e-08,
                -5.92639025853714e-07
            ],
            [
                1.314428885734742e-07,
                0.3713906705379486,
                -0.9284767508506775,
                2.384186927884002e-07
            ],
            [
                -1.1005030842170527e-07,
                -0.9284767508506775,
                -0.3713906705379486,
                5.385165214538574
            ],
            [
                0.0,
                0.0,
                0.0,
                1.0
            ]
        ],
        "intrinsics": {
            "width": 1920,
            "height": 1080,
            "intrinsic_matrix": [
                [
                    2666.666748046875,
                    0.0,
                    960.0
                ],
                [
                    0.0,
                    2666.666748046875,
                    540.0
                ],
                [
                    0.0,
                    0.0,
                    1.0
                ]
            ]
        }
    },
    {
        "extrinsic_mat": [
            [
                1.0,
                0.0,
                0.0,
                0.0
            ],
            [
                0.0,
                -0.3713906705379486,
                -0.9284767508506775,
                2.3841860752327193e-07
            ],
            [
                0.0,
                0.9284767508506775,
                -0.3713906705379486,
                5.385165214538574
            ],
            [
                0.0,
                0.0,
                0.0,
                1.0
            ]
        ],
        "intrinsics": {
            "width": 1920,
            "height": 1080,
            "intrinsic_matrix": [
                [
                    2666.666748046875,
                    0.0,
                    960.0
                ],
                [
                    0.0,
                    2666.666748046875,
                    540.0
                ],
                [
                    0.0,
                    0.0,
                    1.0
                ]
            ]
        }
    }
]