[
    {
        "extrinsic_mat": [
            [
                -1.629206782538341e-07,
                0.9999999999999732,
                1.2357054133523945e-08,
                7.898892830021225e-07
            ],
            [
                -0.371390650312591,
                -7.198045113307849e-08,
                0.9284767151884754,
                -1.7881399602670614e-07
            ],
            [
                0.9284767151884524,
                1.466787700329043e-07,
                0.37139065031260454,
                -5.385164876567471
            ],
            [
                0.0,
                0.0,
                0.0,
                1.0
            ]
        ],
        "intrinsics": {
            "width": 1920,
            "height": 1080,
            "intrinsic_matrix": [
                [
                    2666.666748046875,
                    0.0,
                    960.0
                ],
                [
                    0.0,
                    2666.666748046875,
                    540.0
                ],
                [
                    0.0,
                    0.0,
                    1.0
                ]
            ]
        }
    },
    {
        "extrinsic_mat": [
            [
                -1.629206782538341e-07,
                -0.9999999999999732,
                -1.2357054133523945e-08,
                -7.898892830021225e-07
            ],
            [
                0.371390650312591,
                -7.198045113307849e-08,
                0.9284767151884754,
                -1.7881399602670614e-07
            ],
            [
                -0.9284767151884524,
                1.466787700329043e-07,
                0.37139065031260454,
                -5.385164876567471
            ],
            [
                0.0,
                0.0,
                0.0,
                1.0
            ]
        ],
        "intrinsics": {
            "width": 1920,
            "height": 1080,
            "intrinsic_matrix": [
                [
                    2666.666748046875,
                    0.0,
                    960.0
                ],
                [
                    0.0,
                    2666.666748046875,
                    540.0
                ],
                [
                    0.0,
                    0.0,
                    1.0
                ]
            ]
        }
    },
    {
        "extrinsic_mat": [
            [
                -0.9999999999999706,
                1.509957968601263e-07,
                -8.116999525018378e-08,
                -5.926389938002641e-07
            ],
            [
                -1.3144287813311245e-07,
                -0.3713906503125829,
                0.9284767151884655,
                -1.7881401659354908e-07
            ],
            [
                1.1005031010629298e-07,
                0.9284767151884596,
                0.3713906503126117,
                -5.385164876567522
            ],
            [
                0.0,
                0.0,
                0.0,
                1.0
            ]
        ],
        "intrinsics": {
            "width": 1920,
            "height": 1080,
            "intrinsic_matrix": [
                [
                    2666.666748046875,
                    0.0,
                    960.0
                ],
                [
                    0.0,
                    2666.666748046875,
                    540.0
                ],
                [
                    0.0,
                    0.0,
                    1.0
                ]
            ]
        }
    },
    {
        "extrinsic_mat": [
            [
                1.0,
                0.0,
                0.0,
                0.0
            ],
            [
                0.0,
                0.37139065031260277,
                0.9284767151884762,
                -1.7881393887000968e-07
            ],
            [
                0.0,
                -0.9284767151884763,
                0.37139065031260277,
                -5.385164876567587
            ],
            [
                0.0,
                0.0,
                0.0,
                1.0
            ]
        ],
        "intrinsics": {
            "width": 1920,
            "height": 1080,
            "intrinsic_matrix": [
                [
                    2666.666748046875,
                    0.0,
                    960.0
                ],
                [
                    0.0,
                    2666.666748046875,
                    540.0
                ],
                [
                    0.0,
                    0.0,
                    1.0
                ]
            ]
        }
    }
]