[
    {
        "extrinsic_mat": [
            [
                7.549789905236679e-08,
                0.99999999999999,
                -6.518786881102399e-08,
                -2.471137576397859e-07
            ],
            [
                -0.19611619879538655,
                7.872832379763491e-08,
                0.9805806363491075,
                -0.9805802787212824
            ],
            [
                0.9805806363491079,
                -6.124738292497762e-08,
                0.1961161987953965,
                -5.295135579336332
            ],
            [
                0.0,
                0.0,
                0.0,
                1.0
            ]
        ],
        "intrinsics": {
            "width": 1920,
            "height": 1080,
            "intrinsic_matrix": [
                [
                    2666.666748046875,
                    0.0,
                    960.0
                ],
                [
                    0.0,
                    2666.666748046875,
                    540.0
                ],
                [
                    0.0,
                    0.0,
                    1.0
                ]
            ]
        }
    },
    {
        "extrinsic_mat": [
            [
                7.549789905236679e-08,
                -0.99999999999999,
                6.518786881102399e-08,
                2.471137576397859e-07
            ],
            [
                0.19611619879538655,
                7.872832379763491e-08,
                0.9805806363491075,
                -0.9805802787212824
            ],
            [
                -0.9805806363491079,
                -6.124738292497762e-08,
                0.1961161987953965,
                -5.295135579336332
            ],
            [
                0.0,
                0.0,
                0.0,
                1.0
            ]
        ],
        "intrinsics": {
            "width": 1920,
            "height": 1080,
            "intrinsic_matrix": [
                [
                    2666.666748046875,
                    0.0,
                    960.0
                ],
                [
                    0.0,
                    2666.666748046875,
                    540.0
                ],
                [
                    0.0,
                    0.0,
                    1.0
                ]
            ]
        }
    },
    {
        "extrinsic_mat": [
            [
                -0.999999999999985,
                -8.742277947122478e-08,
                -8.572508378975976e-08,
                6.085640649356435e-07
            ],
            [
                -6.691534826238589e-08,
                -0.19611608875605843,
                0.9805806821988349,
                -0.9805809206173776
            ],
            [
                -1.0253715405887798e-07,
                0.9805806821988317,
                0.19611608875604375,
                -5.2951355885062465
            ],
            [
                0.0,
                0.0,
                0.0,
                1.0
            ]
        ],
        "intrinsics": {
            "width": 1920,
            "height": 1080,
            "intrinsic_matrix": [
                [
                    2666.666748046875,
                    0.0,
                    960.0
                ],
                [
                    0.0,
                    2666.666748046875,
                    540.0
                ],
                [
                    0.0,
                    0.0,
                    1.0
                ]
            ]
        }
    },
    {
        "extrinsic_mat": [
            [
                1.0,
                0.0,
                0.0,
                0.0
            ],
            [
                0.0,
                0.19611608875605255,
                0.9805806821988406,
                -0.9805809206174184
            ],
            [
                0.0,
                -0.9805806821988406,
                0.19611608875605258,
                -5.295135588506309
            ],
            [
                0.0,
                0.0,
                0.0,
                1.0
            ]
        ],
        "intrinsics": {
            "width": 1920,
            "height": 1080,
            "intrinsic_matrix": [
                [
                    2666.666748046875,
                    0.0,
                    960.0
                ],
                [
                    0.0,
                    2666.666748046875,
                    540.0
                ],
                [
                    0.0,
                    0.0,
                    1.0
                ]
            ]
        }
    }
]