[
    {
        "extrinsic_mat": [
            [
                -1.6292068494294654e-07,
                0.3713906407356262,
                -0.9284766912460327,
                5.0
            ],
            [
                1.0,
                7.19804518212186e-08,
                -1.46678758028429e-07,
                0.0
            ],
            [
                1.2357048717603902e-08,
                -0.9284766912460327,
                -0.3713906407356262,
                2.0
            ],
            [
                0.0,
                0.0,
                0.0,
                1.0
            ]
        ],
        "intrinsics": {
            "width": 1920,
            "height": 1080,
            "intrinsic_matrix": [
                [
                    2666.666748046875,
                    0.0,
                    960.0
                ],
                [
                    0.0,
                    2666.666748046875,
                    540.0
                ],
                [
                    0.0,
                    0.0,
                    1.0
                ]
            ]
        }
    },
    {
        "extrinsic_mat": [
            [
                -1.6292068494294654e-07,
                -0.3713906407356262,
                0.9284766912460327,
                -5.0
            ],
            [
                -1.0,
                7.19804518212186e-08,
                -1.46678758028429e-07,
                0.0
            ],
            [
                -1.2357048717603902e-08,
                -0.9284766912460327,
                -0.3713906407356262,
                2.0
            ],
            [
                0.0,
                0.0,
                0.0,
                1.0
            ]
        ],
        "intrinsics": {
            "width": 1920,
            "height": 1080,
            "intrinsic_matrix": [
                [
                    2666.666748046875,
                    0.0,
                    960.0
                ],
                [
                    0.0,
                    2666.666748046875,
                    540.0
                ],
                [
                    0.0,
                    0.0,
                    1.0
                ]
            ]
        }
    },
    {
        "extrinsic_mat": [
            [
                -1.0,
                1.3144287436261948e-07,
                -1.1005030131627791e-07,
                0.0
            ],
            [
                1.5099580252808664e-07,
                0.3713906407356262,
                -0.9284766912460327,
                5.0
            ],
            [
                -8.116999339335962e-08,
                -0.9284766912460327,
                -0.3713906407356262,
                2.0
            ],
            [
                0.0,
                0.0,
                0.0,
                1.0
            ]
        ],
        "intrinsics": {
            "width": 1920,
            "height": 1080,
            "intrinsic_matrix": [
                [
                    2666.666748046875,
                    0.0,
                    960.0
                ],
                [
                    0.0,
                    2666.666748046875,
                    540.0
                ],
                [
                    0.0,
                    0.0,
                    1.0
                ]
            ]
        }
    },
    {
        "extrinsic_mat": [
            [
                1.0,
                0.0,
                0.0,
                0.0
            ],
            [
                0.0,
                -0.3713906407356262,
                0.9284766912460327,
                -5.0
            ],
            [
                0.0,
                -0.9284766912460327,
                -0.3713906407356262,
                2.0
            ],
            [
                0.0,
                0.0,
                0.0,
                1.0
            ]
        ],
        "intrinsics": {
            "width": 1920,
            "height": 1080,
            "intrinsic_matrix": [
                [
                    2666.666748046875,
                    0.0,
                    960.0
                ],
                [
                    0.0,
                    2666.666748046875,
                    540.0
                ],
                [
                    0.0,
                    0.0,
                    1.0
                ]
            ]
        }
    }
]