[
    {
        "ex_mat": [
            [
                -0.2496460677972796,
                -0.9683371524594913,
                0.0,
                1.2482303389863922
            ],
            [
                -0.21808101454655882,
                0.05622325612986049,
                0.9743098154922282,
                -0.8582145582516618
            ],
            [
                -0.9434603923470766,
                0.24323261425392778,
                -0.22521186344307065,
                5.167725688621526
            ],
            [
                0.0,
                0.0,
                0.0,
                1.0
            ]
        ],
        "in_mat": [
            [
                2666.666748046875,
                0.0,
                960.0
            ],
            [
                0.0,
                2666.666748046875,
                540.0
            ],
            [
                0.0,
                0.0,
                1.0
            ]
        ],
        "w": 1920,
        "h": 1080
    },
    {
        "ex_mat": [
            [
                -0.25474896946892195,
                0.9670072194945197,
                0.0,
                -1.273744847344604
            ],
            [
                0.22200067999029466,
                0.05848399402694221,
                0.9732909742345829,
                -0.836578548517692
            ],
            [
                0.9411793987536963,
                0.24794487267966306,
                -0.22957499749209762,
                5.165046988752679
            ],
            [
                0.0,
                0.0,
                0.0,
                1.0
            ]
        ],
        "in_mat": [
            [
                2666.666748046875,
                0.0,
                960.0
            ],
            [
                0.0,
                2666.666748046875,
                540.0
            ],
            [
                0.0,
                0.0,
                1.0
            ]
        ],
        "w": 1920,
        "h": 1080
    },
    {
        "ex_mat": [
            [
                0.999893266026297,
                -0.0146101524723302,
                0.0,
                0.07305076236163878
            ],
            [
                -0.004532013111268443,
                -0.31016304587391214,
                0.9506725755123984,
                -0.350529921655236
            ],
            [
                -0.013889471279498987,
                -0.9505711064507235,
                -0.31019615434209247,
                5.373247840937802
            ],
            [
                0.0,
                0.0,
                0.0,
                1.0
            ]
        ],
        "in_mat": [
            [
                2666.666748046875,
                0.0,
                960.0
            ],
            [
                0.0,
                2666.666748046875,
                540.0
            ],
            [
                0.0,
                0.0,
                1.0
            ]
        ],
        "w": 1920,
        "h": 1080
    },
    {
        "ex_mat": [
            [
                -0.999963274897829,
                -0.00857023077920885,
                0.0,
                -0.04285115389604425
            ],
            [
                -0.0016111017430921872,
                0.18798123606244188,
                0.9821712983179716,
                -1.0244364163237338
            ],
            [
                -0.008417434691300197,
                0.9821352279766914,
                -0.18798813994608835,
                5.286652419775634
            ],
            [
                0.0,
                0.0,
                0.0,
                1.0
            ]
        ],
        "in_mat": [
            [
                2666.666748046875,
                0.0,
                960.0
            ],
            [
                0.0,
                2666.666748046875,
                540.0
            ],
            [
                0.0,
                0.0,
                1.0
            ]
        ],
        "w": 1920,
        "h": 1080
    }
]